0.9200146213467104
0.9200241490229031
0.920089335084658
0.9207045288361236
0.9219480792924454
0.9265652788806883
0.9340056651357322
0.9511591736732957
0.9760380041862544
1.0168484606992456
1.071010314770308
1.1347282639139256
9.461951540952581
9.461951540952581
9.461951540952581
9.461951540952581
9.461951540952581
9.461951540952581
9.461951540952581
9.461951540952581
9.461951540952581
9.461951540952581
9.461951540952581
9.461951540952581
9.194848896429658
9.116273105325636
9.082703553784802
9.064656063345112
9.069054674343118
9.091475984749536
9.027191267307742
9.029119056077406
9.071778790140879
9.156901702709474
9.223066600024202
9.275926158023601
9.30292407160474
9.284436180044043
9.252848069908334
9.249179557515653
9.307812931385223
9.346553558584038
9.371984681731277
9.372618139617185
9.370950337480945
9.389725126868852
9.432031098077642
9.472852613847085
9.497823008118882
9.514707416024855
9.529743813674333
9.539798176752232
9.550150807170603
9.55897758262104
9.56770172481917
9.57421518569986
9.581167034651354
9.591001176734716
9.599249972412878
9.609299150276575
9.615189694348512
9.622995194099595
9.625667536895037
9.625964329403217
9.619885418984222
9.607651466496927
9.593718373616163
9.571543009844984
9.553903782470982
9.526047323615199
9.509966676058372
9.488360959239138
9.48462300597637
9.480819337769358
9.490168047706652
9.49952278558227
9.513629341512505
9.527824192432572
9.54434322718208
9.55892966224516
9.571218877730999
9.579629926293553
9.582534261422941
9.58509599901338
9.583198290978853
9.58490640552246
9.58039281942132
9.577324703402759
9.571985043644105
9.568074249874762
9.56362830584796
9.561160027508281
9.558347474608967
9.556593255433242
9.556883573182038
9.55791789503974
9.561011228422494
9.562291369050559
9.559824565004856
9.554244471662024
9.542852062381598
9.533679037772849
9.522821868919493
9.514794289626735
9.506112502671607
9.501440006108895
9.498805499884241
9.502764623053448
9.510701607216957
9.531066474016686
9.55963780939165
9.604419252784886
9.645984418953677
9.692778915099101
31.376586572407064
139.6669405151691
135.5715053735031
115.75676393231169
109.20377999851219
108.44026828663598
109.30882384089414
109.64961742543431
109.27103630816038
109.50039005151953
109.76123162456054
110.27195805757415
110.06555598911466
109.76720531674351
109.61043953203801
109.46275718627133
109.51536624051467
109.47665099259203
109.65885356998487
109.38888244979537
109.3806564652585
109.50395017134433
109.5867250834982
109.67369062836994
109.84891884375946
109.72188084710064
109.71782189307356
109.72952682406114
109.77179963435924
109.75278852275586
109.7194849020657
109.55179020318148
109.4952581269081
109.47046732900068
109.43572764465128
109.38326020050712
109.34363791245025
109.3170827299561
109.31320392772345
109.32455847933477
109.33517996916898
109.41600613043121
109.53712759246721
109.65983670929218
109.76365969606336
109.76546396363474
109.72828606108733
108.99236213039569
107.73998174146169
105.07794887730125
100.85293328656584
95.22850766810949
88.01286901033265
79.25513086662492
71.99992874678156
63.76009279971157
57.549147708921495
52.61150781714214
47.64349579274646
43.88058210897952
41.99131365777271
40.66416812962683
39.84711248164517
40.089671142910625
40.76999097124829
41.478867953734095
42.47908557372256
44.0372809128079
46.03522536491595
48.138973326832804
50.042971464288875
51.50407217355151
52.88051632787017
53.60842307231898
54.30823565062809
54.84451126613388
55.282684757172156
55.550491084796455
55.564685482610116
55.65305409156367
55.677569371478754
55.57799864713463
55.429457574823594
55.31583012138284
27.628110277048748
0.06775623210788795
-0.4323426311208679
0.34399260250804364
0.524341894129277
0.5613167707507809
0.6097835525368791
0.6725898972792799
0.7192611565492142
0.7653539537927514
0.8019864974571265
0.8375203304854238
0.8784113671970217
0.9173130614317746
0.9487867537805676
0.9708604043193086
0.985506210244397
0.9963281346965303
1.0052247712432536
1.0149521548518958
1.021781155255813
1.025896910023735
1.0258990675205595
1.0244500340153593
1.0232723259127934
