1.1333264344026333
1.1333359652734698
1.1333925937955858
1.1338937942589757
1.1348961033248952
1.1386256286546577
1.1449529830432017
1.1598511436196215
1.1831768291450593
1.2274383716770083
1.2910874517087654
1.3750162079585613
12.0406368362929
12.0406368362929
12.0406368362929
12.0406368362929
12.0406368362929
12.0406368362929
12.0406368362929
12.0406368362929
12.0406368362929
12.0406368362929
12.0406368362929
12.0406368362929
11.912960473751893
11.856960365569746
11.839270022764346
11.854434923456916
11.877563935612203
11.913408606511725
11.926697497238887
11.939452889251067
11.978115644838597
12.050546087133172
12.101872137521513
12.119516743851134
12.11370895108413
12.087741746034462
12.056386624533863
12.041580332955633
12.05044764503149
12.06395645402143
12.070741177908975
12.064011619345862
12.058550024921677
12.06038537962657
12.067653851472325
12.076220190337933
12.08616615885354
12.092707037234927
12.098430700740487
12.097827016969873
12.099179375005372
12.098051473929289
12.09845947391573
12.097881477934136
12.098957899264622
12.101486918865733
12.103541244690966
12.10499208048289
12.104072891375786
12.103012790392244
12.10199437050556
12.101475679960679
12.097118771268661
12.089907626696682
12.07799093452031
12.0592563436563
12.039307879802857
12.011579083601074
11.991355185160344
11.968466806054467
11.960151973137478
11.952980400489793
11.95880392176524
11.96613557714271
11.97922178035882
11.993900269064353
12.010808177989873
12.027623788196506
12.042131394347514
12.053666196666057
12.06138077929808
12.06647397884769
12.068941426997156
12.071661642630886
12.070748839126495
12.069839831259861
12.069749337597514
12.068886411889661
12.070011930727746
12.070548356847189
12.071888977339812
12.07315721454883
12.074386424357916
12.076201473142335
12.077515872678887
12.077582330076682
12.073816891614898
12.067428876381243
12.058418934385337
12.05082024988835
12.045551288318363
12.04055542805056
12.036327292294462
12.033609494072614
12.032019519759126
12.035598206807629
12.041930996507277
12.059715984307688
12.085469059844327
12.13680619020321
12.185836632311265
12.255892151687986
37.77846413600054
163.7828073940827
166.9598739900134
148.52730402706067
142.09071153057283
140.96441979295702
140.93642164516243
140.40197077821574
139.48621962461877
139.08745345925234
139.0488899682777
139.41653665991979
139.26844059674963
139.10905885379378
139.10006895573872
139.11299867533376
139.29174501559763
139.34006337014256
139.57361701693952
139.3311031407989
139.3411054366402
139.47141919127924
139.54439902159518
139.6038538377529
139.76257050519737
139.62605519593552
139.62174901658446
139.64061412976028
139.703512116668
139.7233631144284
139.73124913813166
139.59246785620627
139.5523027091467
139.5331570245035
139.4898718874933
139.42055576363234
139.35082706877205
139.28677561216148
139.22056461038196
139.15694867125603
139.08837320252846
139.01996143063306
138.9422296320233
138.82154619103943
138.63186768370758
138.26885578653693
137.668398503329
136.350588280876
134.35121913030187
130.73747002148616
125.5860008269465
118.80192159839656
110.63472979558519
100.55286879150322
91.91731740033244
82.46066554094732
75.08697365095391
68.82353622118511
63.41479707035401
58.92563966087343
56.353853808631015
54.289167532477094
53.38000268086289
53.42957401070703
53.984143364764606
54.69814334717736
55.68842234190816
57.31527087256901
59.45531230191441
61.82228756605668
63.96761183374454
65.60689779193059
67.1820007359848
68.0712636368898
68.9151212203355
69.62295171282338
70.21436077016355
70.6182421688763
70.69652926440108
70.83587095858758
70.91526169468715
70.8971668965297
70.81052060320633
70.70433972012185
35.67574953799842
1.7070541384460496
0.10713906363696826
0.5700374409854689
0.6750726871948016
0.6936510020406802
0.7382420080448923
0.8035164851036343
0.8649078301380515
0.9255447871082474
0.9762734556566645
1.0239194351455818
1.0739874440024888
1.120433626171192
1.159014741033334
1.188936663649113
1.2121804280425392
1.2310016046287193
1.2490727202601857
1.2654172120750193
1.279774737428315
1.2885174409920037
1.2937618136747062
1.2958713341674286
1.2967144212598276
