1.346638247458556
1.3466477815240365
1.3466958525065136
1.347083059681828
1.347844127357345
1.350685978428627
1.3559003009506712
1.3685431135659472
1.3903156541038642
1.438028282654771
1.5111645886472227
1.615304152003197
14.61932213163322
14.61932213163322
14.61932213163322
14.61932213163322
14.61932213163322
14.61932213163322
14.61932213163322
14.61932213163322
14.61932213163322
14.61932213163322
14.61932213163322
14.61932213163322
14.631072051074128
14.597647625813856
14.59583649174389
14.64421378356872
14.686073196881289
14.735341228273914
14.826203727170032
14.849786722424728
14.884452499536316
14.94419047155687
14.980677675018823
14.963107329678667
14.924493830563518
14.891047312024881
14.859925179159392
14.833981108395612
14.793082358677756
14.781359349458821
14.769497674086672
14.75540509907454
14.74614971236241
14.731045632384289
14.703276604867009
14.679587766828782
14.674509309588199
14.670706658444999
14.66711758780664
14.655855857187515
14.648207942840141
14.637125365237537
14.62921722301229
14.621547770168412
14.61674876387789
14.61197266099675
14.607832516969054
14.600685010689206
14.59295608840306
14.583030386684893
14.578321204116083
14.57698703051814
14.574352123553101
14.572163786896438
14.562263495424457
14.546969677467615
14.524711977134732
14.497110843586949
14.472743694262316
14.448572652869796
14.435680940298585
14.425141463210227
14.427439795823828
14.43274836870315
14.444814219205135
14.459976345696134
14.477273128797664
14.496317914147852
14.51304391096403
14.527702467038562
14.54022729717322
14.547851958682
14.55468456301546
14.558416879739312
14.56110485883167
14.562354959116963
14.567513631550923
14.56969857390456
14.576395555607533
14.579936686186096
14.585430480070658
14.589721173664419
14.591889275533795
14.59448505124493
14.59402051693528
14.592873291102805
14.58780921822494
14.580613281100462
14.573985806389075
14.56796146200385
14.568280707717232
14.566316566474384
14.566542081917317
14.565778982036333
14.565233539634011
14.56843179056181
14.573160385797598
14.58836549459869
14.611300310297004
14.669193127621533
14.725688845668852
14.81900538827687
44.18034169959401
187.89867427299632
198.34824260652368
181.29784412180965
174.9776430626335
173.48857129927805
172.56401944943073
171.15432413099717
169.70140294107716
168.67451686698516
168.33654831199487
168.56111526226542
168.47132520438458
168.45091239084405
168.58969837943943
168.7632401643962
169.0681237906806
169.2034757476931
169.48838046389417
169.2733238318024
169.3015544080219
169.43888821121413
169.50207295969216
169.53401704713585
169.67622216663528
169.5302295447704
169.52567614009536
169.55170143545942
169.63522459897678
169.69393770610094
169.74301337419763
169.63314550923107
169.6093472913853
169.59584672000634
169.54401613033534
169.45785132675755
169.35801622509385
169.25646849436686
169.12792529304045
168.9893388631773
168.84156643588793
168.6239167308349
168.34733167157938
167.9832556727867
167.50007567135182
166.77224760943912
165.60851094557069
163.7088144313563
160.96245651914205
156.39699116567107
150.31906836732716
142.37533552868365
133.25659058083772
121.8506067163815
111.83470605388331
101.16123828218306
92.62479959298632
85.03556462522808
79.18609834796158
73.97069721276733
70.71639395948932
67.91416693532736
66.9128928800806
66.76947687850343
67.19829575828092
67.91741874062062
68.89775911009376
70.59326083233012
72.87539923891288
75.50560180528055
77.89225220320021
79.70972341030966
81.48348514409943
82.53410420146062
83.5220067900429
84.40139215951288
85.14603678315494
85.68599325295614
85.82837304619204
86.0186878256115
86.15295401789554
86.21633514592476
86.19158363158905
86.09284931886086
43.72338879894809
3.3463520447842114
0.6466207583948044
0.7960822794628942
0.8258034802603262
0.8259852333305795
0.8667004635529054
0.9344430729279887
1.0105545037268888
1.0857356204237434
1.1505604138562024
1.21031853980574
1.2695635208079559
1.3235541909106094
1.3692427282861004
1.4070129229789172
1.4388546458406815
1.4656750745609084
1.4929206692771178
1.5158822692981428
1.5377683196008172
1.5511379719602725
1.561624559828853
1.567292634319498
1.5701565166068618
