9.885810174069473e-105
4.528401549097453e-104
1.1837747873851244e-103
2.4630140425681766e-103
3.9654154628432635e-103
5.708779368669269e-103
7.309562733792726e-103
8.697759377257508e-103
9.916097293813976e-103
1.0957244683114799e-102
1.1940628867673272e-102
2.14080824277513e-96
5.9610115893085004e-55
2.597258001849195e-42
5.014745465003294e-38
1.4489614723333244e-34
3.5210665467597145e-33
2.0942691823817926e-32
3.321603395300432e-31
2.559029748903094e-30
8.706267026976137e-30
2.6183616966317564e-29
7.351691457425057e-29
1.4459226718317003e-28
3.423770128075081e-28
8.80408855063207e-28
2.177672863268257e-27
4.149467577957342e-27
6.672935703716363e-27
9.093401053989607e-27
1.131155526026289e-26
1.2499393174664392e-26
1.3888650620476434e-26
1.7676113361999906e-26
2.4895552430666727e-26
3.4818923975978214e-26
5.147665392385568e-26
8.349360670421577e-26
1.2749865151838643e-25
1.7249489014291994e-25
2.3947840920138e-25
2.841207863908186e-25
3.6939525125196734e-25
5.220116185952205e-25
6.539564404794018e-25
8.231936282269298e-25
9.338223854131014e-25
1.0616558661083773e-24
1.258514022626176e-24
1.523011227685824e-24
1.833668219200757e-24
2.216366108088704e-24
2.5597007558436307e-24
2.9815997903958442e-24
3.518887022510744e-24
4.168536762250378e-24
4.991677266401588e-24
5.866338076325325e-24
7.1222831143466e-24
8.42372122893516e-24
9.79720394259241e-24
1.1238195256172253e-23
1.2941808777537316e-23
1.4953756885105272e-23
1.8873193565312585e-23
2.3150089239896208e-23
3.073583593486917e-23
3.7255342168340955e-23
4.496907024469977e-23
5.609751314184043e-23
6.718128814535521e-23
8.591120396309237e-23
1.0188516032348002e-22
1.2393512406462765e-22
1.4963712082394588e-22
1.805619495526569e-22
2.26218651694127e-22
2.821016274816791e-22
3.5714080563311353e-22
4.56763822790604e-22
5.785552422873673e-22
7.531998627217872e-22
9.97765188777998e-22
1.3037764289668752e-21
1.656758549979214e-21
2.1738853175346536e-21
2.776774309685603e-21
3.715900394647505e-21
4.973823967291012e-21
6.728240507970151e-21
8.461552746508207e-21
1.1450032486168818e-20
1.429419959522512e-20
1.78110609184728e-20
2.3173685612917148e-20
2.6576990996923243e-20
3.38797478285966e-20
4.020233227629312e-20
4.8542174321467514e-20
5.824036872366398e-20
7.132507606817252e-20
8.278475846445824e-20
9.786649368593646e-20
1.0886445527385737e-19
1.1899044275575075e-19
1.2693589000585359e-19
1.3427633686362315e-19
1.4147326185216634e-19
1.4939793952731039e-19
1.5761171573273397e-19
1.6636119030503626e-19
1.7530887939753087e-19
1.844653298547272e-19
8.753004066764013e-14
19501289688.47543
21770606411348.46
403623383711933.75
778702150451861.8
1022787488168295.2
1159807131775578.0
1094153750480577.0
966336496095168.5
838929768113999.8
717016049075281.6
624104249136192.1
550725206059393.6
487442086184937.06
437970841121568.56
397620404686509.06
362993540359867.2
333150513307733.5
307074482288906.9
283832020028935.5
262738199818005.56
244149501907103.62
229067132486158.78
214797032205824.06
200525463974453.88
188795039436563.2
178136469034960.38
168573172704236.97
159788136740173.56
152591064368151.06
146430283805708.0
141161048582366.16
135939032891700.97
131325834283487.48
127181009797358.9
123790452428380.39
119947238184658.89
115884202711068.34
112545142413073.72
109029061799780.4
105235500644194.97
102022261620812.9
98552570098478.55
94346575772985.5
90221143796193.67
86007296700671.5
81305351857244.7
75423235087141.66
69212020625446.03
62053414554013.79
54182612026062.94
46331020026757.58
38744797162971.42
31471590893487.375
24596174381626.652
19359822292974.66
14984844817462.863
11691939370787.062
9165315648337.18
7850255102176.632
7104843639303.761
6250278871884.725
5948293155008.124
5877867548387.145
6968488103763.275
8749969103319.303
10929726404665.594
15232607132691.691
23355642962951.617
28856019622163.453
45180572167954.81
69382244856889.97
95306028724460.06
124961266243344.2
151255810878860.84
188431029588449.94
252207638150536.72
320678119307354.5
373217478544528.44
461851013087896.44
548112143843252.1
651741465530848.8
753073451806784.5
57805308579.783844
61229241640.45315
31855006448.892002
168532268.35243964
679482985.8451483
266462858.2772666
670628602.054557
676075657.3084176
786438804.5804744
881248815.5144513
941555789.0042261
1001032087.1688167
1036190762.5879902
1052671138.4368215
1076602163.7403107
1110176982.7001512
1121831353.670227
1125489814.0592294
1123238943.0124462
1113515889.0131843
1106350384.802187
1090453337.830475
1084982170.9178944
1074119927.0977268
1063207873.4922919
1051426012.1636736
1051426012.1636736
