3.036075794958466e-85
1.1705623029721586e-84
2.8492431029758057e-84
5.5908644537793e-84
8.651842985359736e-84
1.2059791585227011e-83
1.508019807165849e-83
1.76425212337377e-83
1.985346355411407e-83
2.1716303834166938e-83
2.345708245303024e-83
3.686466140104219e-79
5.660365753530027e-46
1.231806107468374e-35
5.38444517910938e-32
4.5997660994135283e-29
8.517683491731652e-28
4.2613814152749546e-27
3.5936941783182903e-26
2.153958531108626e-25
7.281214072980252e-25
1.9013227923849372e-24
4.7169488677956775e-24
9.0496435726043e-24
1.7694794099410204e-23
3.6783441567966616e-23
7.993286837103017e-23
1.4791140483836799e-22
2.4111152447210146e-22
3.420585724008992e-22
4.507137014924313e-22
5.344087228013921e-22
6.192797057630914e-22
7.440712178141623e-22
9.53706965147436e-22
1.281634865262905e-21
1.774864197608154e-21
2.6701667856559342e-21
3.833185972059108e-21
5.396181254482566e-21
7.350191231076533e-21
9.342011147240405e-21
1.2013289263723302e-20
1.6497515607165058e-20
2.0811773742240547e-20
2.6411706211654175e-20
3.142144741140587e-20
3.7176454064353265e-20
4.532958328364413e-20
5.608327205833013e-20
6.87632498408992e-20
8.4949128090408e-20
1.0129480290890005e-19
1.2188423042167624e-19
1.4750806811203857e-19
1.7852878018254954e-19
2.196507733084111e-19
2.6494878147744193e-19
3.2743943049700676e-19
4.020338051064491e-19
4.819082758597939e-19
5.795205943559974e-19
6.92433892441673e-19
8.203644301473061e-19
1.0523599235951518e-18
1.2991560915549818e-18
1.7371919255252855e-18
2.155416258549619e-18
2.6971031957684532e-18
3.4307658098053633e-18
4.24971366286212e-18
5.548193838327644e-18
6.80471586040282e-18
8.512354319466177e-18
1.0656567705737015e-17
1.3226177992296884e-17
1.6884541253205082e-17
2.1565190928600384e-17
2.798822409630108e-17
3.6587234226716114e-17
4.7358454642103935e-17
6.289452751737991e-17
8.374495905805486e-17
1.1257815252406483e-16
1.4638646878414086e-16
1.9904289473108508e-16
2.6272536378783434e-16
3.6121489824232705e-16
4.915276387876044e-16
6.917569348941133e-16
8.977095346316253e-16
1.2761675455065408e-15
1.6624138573615697e-15
2.1454109491893256e-15
2.936384623666709e-15
3.5523530017499953e-15
4.773616095385798e-15
6.01218925974746e-15
7.619310673045627e-15
9.489682475330437e-15
1.1837285272169561e-14
1.3987038918174106e-14
1.6470363394238774e-14
1.8374595147494883e-14
2.0042411192251856e-14
2.136567115117879e-14
2.2601643160652625e-14
2.3817217463321555e-14
2.5155515441850254e-14
2.655016770081126e-14
2.8043456652771922e-14
2.959240792969992e-14
3.1174116424618454e-14
1.7444091839834262e-10
87588080870.16353
93488614521136.31
2402004816103113.0
6751445640637354.0
1.1357497037251732e+16
1.5652941688584946e+16
1.765340801527098e+16
1.842664374501052e+16
1.854578987954135e+16
1.8204901169286172e+16
1.7653687034089336e+16
1.7181712213712108e+16
1.6649653037835802e+16
1.6112036063820016e+16
1.5635530277263712e+16
1.507998499255306e+16
1.460700774296608e+16
1.4153104837041354e+16
1.3666702786951988e+16
1.3172966693860208e+16
1.2697410429544688e+16
1.2284524178201516e+16
1.1896695311199636e+16
1.1461509015273588e+16
1.108159250454282e+16
1.0703948170109236e+16
1.0346972833912082e+16
1.000765655564924e+16
9715820390874734.0
9465370850896744.0
9249679469099756.0
9021137476392590.0
8800786256361790.0
8609807466883697.0
8448776050974032.0
8280602455529498.0
8083547675944649.0
7917792669380248.0
7752799250218885.0
7563092030374400.0
7402198232357924.0
7235456197150074.0
7030841543102970.0
6831474812945290.0
6626980702450901.0
6396199574490239.0
6110260814163767.0
5787188731724716.0
5400793806203536.0
4943972415146648.0
4448569455750646.0
3940909831263476.0
3394360163485260.0
2831773575515168.0
2377915224987013.0
1961647029738006.5
1629608555332838.2
1375603199965456.8
1197258711899711.2
1094762259912127.0
987725594615844.5
947725427513877.4
914800773974422.4
992011966660185.6
1130165775390896.2
1272029200312910.5
1514843563671872.0
1968601594069607.0
2216307914209710.2
2895583620665487.0
3689641343723765.0
4450183512605864.0
5296287682995913.0
6028401028254486.0
6974516274978700.0
8480913489268738.0
9904775345826292.0
1.1093533342732104e+16
1.2835914526942186e+16
1.4438623031925248e+16
1.6280110956906962e+16
1.7999397979986682e+16
183068549070224.7
189442845208911.0
91105578704720.33
10528904626581.691
2782466535786.916
1750274016640.3267
1796821743210.5876
1891829735983.542
1900741410760.0674
1963530134509.8992
2073017921784.1848
2170148552474.664
2209776133903.58
2252987542421.2744
2273886771258.6665
2276218923445.3613
2273717265452.717
2269341120931.912
2260281613635.1245
2240596650711.2485
2217585911267.4346
2204667471892.5786
2165648887465.0535
2135530047806.567
2102795546793.0754
2073104084153.9436
2073104084153.9436
