5.384383383384461e-52
1.5796187750674882e-51
3.363537158449223e-51
5.735111817223522e-51
8.308487260883172e-51
1.0711813902603713e-50
1.288894289404784e-50
1.4665918337291467e-50
1.6123986514378827e-50
1.730717588038427e-50
1.8431604820314011e-50
2.4314977301790907e-48
5.822095935337898e-25
4.401417412904809e-18
3.0140874691087656e-15
4.618005011233928e-13
5.1956396044198026e-12
2.1498795098837258e-11
7.6910198549359e-11
2.3060382011438072e-10
5.949341344488301e-10
1.2203620168264378e-09
2.29982990762857e-09
3.865433278172112e-09
6.200910673771173e-09
8.817180917678294e-09
1.206194578039447e-08
1.4720995948835048e-08
1.7659598303461757e-08
2.198182304475348e-08
2.8491823911753955e-08
3.4356639478930946e-08
4.447822810740133e-08
5.872170887801193e-08
7.539502573567513e-08
9.424335512455382e-08
1.1210728736042313e-07
1.346534269466422e-07
1.6048592702087785e-07
1.9217943895495412e-07
2.2828964343642914e-07
2.6907370136818944e-07
3.1294438637575586e-07
3.653164628221169e-07
4.2308684459315896e-07
4.860612807340001e-07
5.54517586472125e-07
6.192724301476318e-07
7.000816901956571e-07
8.097758890142922e-07
9.389488411961581e-07
1.0815203964563284e-06
1.2384913496718464e-06
1.4212070231344885e-06
1.6364727356732305e-06
1.8579997857512587e-06
2.153648745785512e-06
2.5069566879215557e-06
2.9040526023543716e-06
3.360548358614115e-06
3.836340299001713e-06
4.398026947379157e-06
5.0314774540980455e-06
5.786757850000314e-06
6.676486419856026e-06
7.675920335688307e-06
8.969858289157846e-06
1.0401868948813914e-05
1.2100379249308452e-05
1.410820117405237e-05
1.6452578086786422e-05
1.9273189060960348e-05
2.2563527937317067e-05
2.6377372272954066e-05
3.0484479612529377e-05
3.4950672008920274e-05
4.042441768227184e-05
4.689814986581707e-05
5.417944151446544e-05
6.439263039150435e-05
7.490367298007749e-05
8.593389574813836e-05
9.817938119766001e-05
0.0001130087667410913
0.00013080284249214583
0.00015491557368070124
0.0001835174129970108
0.00021592369311874417
0.0002587012756536507
0.00031766090806229137
0.00038620121038742306
0.00047828521213501345
0.0005786240125489194
0.0006919416121224508
0.0008262172254750936
0.0009568980820575008
0.0011357913617111451
0.0013370227147812923
0.0015479020365515247
0.0018228013729796944
0.002115739833434691
0.0023975349558967734
0.00264929761773047
0.0028259860114842068
0.002975599833163528
0.0030971464543352715
0.0032076205276317486
0.003315077714820589
0.0034296454265896363
0.003548667814848062
0.00367285315332754
0.0038005715856441634
0.003927026655709791
-0.013013037250089655
154117931959779.53
1.6561418356605384e+16
2.1396059122188218e+17
2.982501432916483e+17
3.4548242654647904e+17
6.955722676173958e+17
1.4969325394130993e+18
2.5375023028133053e+18
3.396847284305191e+18
4.2179320610841897e+18
4.909489509537797e+18
5.647107317711866e+18
6.235349413164319e+18
6.595125984176767e+18
6.99749305106864e+18
7.15141708602891e+18
7.406048012603823e+18
7.610880304734418e+18
7.734951004535176e+18
7.800428160014904e+18
7.810590402488255e+18
7.845938500699409e+18
7.880364779512698e+18
7.907733787563367e+18
7.941930785543917e+18
7.880193973277893e+18
7.82878969345624e+18
7.772435584866977e+18
7.732506567934691e+18
7.693062358645725e+18
7.678234031829702e+18
7.591152827668794e+18
7.495938707243953e+18
7.434661525791769e+18
7.376906910749258e+18
7.321189836044323e+18
7.261856998317757e+18
7.200072292911994e+18
7.14151540091608e+18
7.0823861598523e+18
7.025173328588899e+18
6.970084855736238e+18
6.917070168052053e+18
6.858577537730763e+18
6.792882114694325e+18
6.710522565140662e+18
6.607407736858992e+18
6.43615566865389e+18
6.217992426765524e+18
5.870540792607832e+18
5.40990034603059e+18
4.873083078480029e+18
4.2519441237543163e+18
3.566802503973257e+18
2.996715496123999e+18
2.452669075443975e+18
2.0329603504852982e+18
1.722475746759644e+18
1.4354960517348805e+18
1.2056175944540736e+18
1.0733921007751457e+18
9.594065317879159e+17
8.794023757489407e+17
8.212717367844233e+17
7.968254252168442e+17
7.715228113260983e+17
7.337063952802578e+17
7.564190207955333e+17
8.551785499714516e+17
1.0115174945648253e+18
1.1294908195639588e+18
1.3046626157359872e+18
1.5543298968628577e+18
1.8427120622659697e+18
2.128855727694188e+18
2.396550894132832e+18
2.5573332625337267e+18
2.8815185612757555e+18
3.0900527950245197e+18
3.2887393699565727e+18
3.4922344886106634e+18
3.660504009236364e+18
3.8330527277337974e+18
4.0600927052068403e+18
2.1122959527562442e+18
1.117532432212299e+16
4.505631362122538e+16
1.766907245810676e+16
4.446918207959397e+16
4.483037468476984e+16
5.214852198102679e+16
5.843534545720224e+16
6.243428283710223e+16
6.637813838456699e+16
6.870949963892246e+16
6.980230843371079e+16
7.138916756604117e+16
7.361550377216243e+16
7.438830162644973e+16
7.463089304093922e+16
7.44816384548532e+16
7.383690565142331e+16
7.336176320972797e+16
7.230763477836202e+16
7.1944843336305976e+16
7.122457119647757e+16
7.0500996184681544e+16
6.971974448283982e+16
6.971974448283982e+16
