1.5383952523955598e-52
4.513196500192823e-52
9.61010616699778e-52
1.6386033763495777e-51
2.3738535031094773e-51
3.0605182578867743e-51
3.6825551125850964e-51
4.1902623820832755e-51
4.6068532898225206e-51
4.9449073943955044e-51
5.266172805804002e-51
6.947136371940259e-49
1.6634559815251133e-25
1.2575478322585166e-18
8.611678483167899e-16
1.3194300032096936e-13
1.4844684584056579e-12
6.142512885382071e-12
2.1974342442673998e-11
6.588680574696591e-11
1.6998118127109427e-10
3.4867486195041075e-10
6.570942593224485e-10
1.1044095080491748e-09
1.771688763934621e-09
2.5191945479080835e-09
3.4462702229698477e-09
4.205998842524299e-09
5.045599515274787e-09
6.280520869929566e-09
8.140521117643985e-09
9.816182708265983e-09
1.2708065173543235e-08
1.6777631108003402e-08
2.1541435924478603e-08
2.692667289272966e-08
3.2030653531549454e-08
3.847240769904062e-08
4.58531220059651e-08
5.490841112998688e-08
6.522561241040832e-08
7.687820039091126e-08
8.941268182164453e-08
1.0437613223489053e-07
1.208819555980454e-07
1.388746516382857e-07
1.5843359613489285e-07
1.769349800421805e-07
2.00023340055902e-07
2.313645397183692e-07
2.682710974846166e-07
3.090058275589509e-07
3.538546713348132e-07
4.0605914946699675e-07
4.6756363876378e-07
5.308570816432166e-07
6.153282130815748e-07
7.162733394061586e-07
8.297293149583916e-07
9.601566738897471e-07
1.0960972282862036e-06
1.2565791278226161e-06
1.4375649868851556e-06
1.6533593857143754e-06
1.907567548530293e-06
2.193120095910944e-06
2.5628166540450985e-06
2.9719625568039747e-06
3.457251214088129e-06
4.030914621157819e-06
4.7007365962246915e-06
5.50662544598867e-06
6.446722267804876e-06
7.536392077986875e-06
8.709851317865534e-06
9.985906288262935e-06
1.1549833623506237e-05
1.3399471390233446e-05
1.5479840432704406e-05
1.8397894397572667e-05
2.1401049422879283e-05
2.4552541642325248e-05
2.8051251770759995e-05
3.228821906888322e-05
3.7372240712041656e-05
4.426159248020035e-05
5.24335465705745e-05
6.169248374821262e-05
7.391465018675734e-05
9.076025944636893e-05
0.00011034320296783514
0.00013665291775286098
0.00016532114644254837
0.00019769760346355738
0.00023606206442145525
0.00027339945201642875
0.0003245118176317557
0.00038200648993751206
0.000442257724729007
0.0005208003922799126
0.0006044970952670545
0.000685009987399078
0.00075694217649442
0.0008074245747097734
0.0008501713809038651
0.0008848989869529346
0.0009164630078947853
0.000947165061377311
0.0009798986933113245
0.001013905089956589
0.0010493866152364397
0.0010858775958983323
0.001122007615917083
-0.003718010642882758
44033694845651.28
4731833816172966.0
6.113159749196634e+16
8.521432665475664e+16
9.870926472756544e+16
1.9873493360497024e+17
4.276950112608854e+17
7.250006579466586e+17
9.705277955157688e+17
1.2051234460240538e+18
1.4027112884393702e+18
1.6134592336319616e+18
1.7815284037612334e+18
1.8843217097647903e+18
1.999283728876754e+18
2.0432620245796884e+18
2.116013717886806e+18
2.1745372299241196e+18
2.2099860012957645e+18
2.2286937600042578e+18
2.2315972578537871e+18
2.241696714485545e+18
2.2515327941464852e+18
2.2593525107323904e+18
2.2691230815839754e+18
2.2514839923651123e+18
2.236797055273211e+18
2.2206958813905644e+18
2.209287590838483e+18
2.198017816755921e+18
2.1937811519513426e+18
2.168900807905369e+18
2.1416967734982717e+18
2.1241890073690767e+18
2.1076876887855022e+18
2.0917685245840916e+18
2.0748162852336445e+18
2.057163512260569e+18
2.0404329716903086e+18
2.0235389028149422e+18
2.0071923795968276e+18
1.9914528159246387e+18
1.976305762300586e+18
1.9595935822087895e+18
1.9408234613412352e+18
1.91729216146876e+18
1.8878307819597117e+18
1.8389016196153969e+18
1.7765692647901496e+18
1.677297369316523e+18
1.545685813151597e+18
1.3923094509942938e+18
1.2148411782155187e+18
1.019086429706645e+18
8.562044274639997e+17
7.007625929839928e+17
5.808458144243707e+17
4.9213592764561254e+17
4.101417290671086e+17
3.44462169844021e+17
3.066834573643273e+17
2.7411615193940454e+17
2.512578216425545e+17
2.3464906765269235e+17
2.276644072048126e+17
2.204350889503138e+17
2.096303986515022e+17
2.1611972022729517e+17
2.443367285632718e+17
2.8900499844709286e+17
3.227116627325596e+17
3.727607473531392e+17
4.440942562465307e+17
5.264891606474199e+17
6.082444936269107e+17
6.847288268950948e+17
7.306666464382075e+17
8.232910175073585e+17
8.828722271498627e+17
9.396398199875922e+17
9.977812824601892e+17
1.0458582883532467e+18
1.0951579222096563e+18
1.1600264872019543e+18
6.035131293589268e+17
3192949806320854.0
1.2873232463207248e+16
5048306416601930.0
1.2705480594169704e+16
1.2808678481362808e+16
1.4899577708864792e+16
1.6695812987772064e+16
1.7838366524886352e+16
1.896518239559057e+16
1.9631285611120704e+16
1.9943516695345936e+16
2.0396905018868904e+16
2.103300107776069e+16
2.125380046469992e+16
2.13231122974112e+16
2.1280468129958056e+16
2.109625875754951e+16
2.0960503774207984e+16
2.0659324222389144e+16
2.055566952465885e+16
2.034987748470787e+16
2.0143141767051864e+16
1.991992699509709e+16
1.991992699509709e+16
