2.9986870282299494e-74
8.541767804470866e-74
1.855611950976364e-73
3.251508617770127e-73
4.6543290210851897e-73
6.090221854570991e-73
7.278149994535058e-73
8.244935134555043e-73
9.0520891610767e-73
9.714036036465053e-73
1.031920873864128e-72
1.3124381065290372e-67
2.867354225756581e-36
4.473933416493068e-27
8.670290051914208e-24
3.5015774563994864e-21
4.49933087353088e-20
1.7947782050140946e-19
1.0705046176870607e-18
5.011493883749583e-18
1.440130374856735e-17
3.182306579543863e-17
6.64345627664361e-17
1.1074153940218382e-16
1.8823153627625558e-16
3.424550011907005e-16
6.557546469858461e-16
1.090883220271161e-15
1.6178113159830267e-15
2.099620172450195e-15
2.533119112621182e-15
2.8068443572627147e-15
3.0602930041854634e-15
3.4654108881427503e-15
4.154323360136392e-15
5.2025051622268166e-15
6.70214727064081e-15
9.142001599319445e-15
1.2137288827044252e-14
1.569938038988149e-14
1.9996086915115153e-14
2.3608824953308582e-14
2.8675675170591896e-14
3.6378780880106664e-14
4.318217645847452e-14
5.1761959649438796e-14
5.836265549170202e-14
6.562121859431624e-14
7.548157264359154e-14
8.77745150103817e-14
1.0172063957890204e-13
1.1815965495795128e-13
1.3342433001425015e-13
1.517582478401979e-13
1.7352020094125133e-13
1.9817721609005062e-13
2.2887548552759293e-13
2.609504770342086e-13
3.0245512300991767e-13
3.4763815183584807e-13
3.9414989751908e-13
4.4652482229907583e-13
5.043485795957077e-13
5.666174887247752e-13
6.714086529923239e-13
7.769200478037627e-13
9.480095861859021e-13
1.0996422584591824e-12
1.2828888203024366e-12
1.5134928786678924e-12
1.7474166629188772e-12
2.0973988540659555e-12
2.4136635778924734e-12
2.8150876468059537e-12
3.2754703206228863e-12
3.7945266860853605e-12
4.484274539779582e-12
5.300132760045488e-12
6.315202152576656e-12
7.581046262435771e-12
9.028036332092072e-12
1.0935266496850679e-11
1.327077450277231e-11
1.61816944298881e-11
1.9403682352148847e-11
2.3848104977856348e-11
2.8752694687184115e-11
3.559810963863593e-11
4.383755278012371e-11
5.498381998051467e-11
6.582600549875785e-11
8.338363297173392e-11
9.958312942544202e-11
1.1890223264814344e-10
1.4617640714477652e-10
1.6640181247641473e-10
2.0277809918447556e-10
2.362243820674947e-10
2.770048409164433e-10
3.206985795252766e-10
3.7075238771451453e-10
4.1343482803993515e-10
4.6076079875736236e-10
4.945385461280412e-10
5.232549966946242e-10
5.45090303824131e-10
5.647922186253259e-10
5.836671988421945e-10
6.039616272643907e-10
6.246081286030941e-10
6.461983572519867e-10
6.68002062225868e-10
6.898235897106856e-10
4.8081452315509645e-06
3235577122591.4355
588318938278199.9
5108653247311027.0
6474364230666996.0
7016678941801740.0
6814115134006424.0
5934279950180092.0
4994825216089231.0
4159490618761901.0
3443829364035852.0
2909722152569507.0
2494575763062613.0
2151909557826955.0
1882826999345716.0
1663677579399085.5
1484171535365133.5
1331761006775318.0
1200382271521395.0
1091423788658754.8
993194197470688.8
909541351277591.0
841168699450739.2
775916376303578.2
717598441115923.8
669775343938831.1
624870824737408.4
586994348804272.6
551634921711293.25
522118125792365.25
494406993753863.75
470243336658392.6
446224330365438.4
427083169895362.5
408234598927188.9
391530672581780.6
372465249927340.75
357349364593877.1
343486128774721.9
328230697658526.4
315417361563239.8
303091328656857.25
289444496641873.9
277174677445765.12
264501128530863.75
251738302362727.62
237922431774867.2
221815697923934.5
204233434433897.44
184849402950210.44
162585839481136.78
139684677552672.94
116608112625775.31
95112877140864.66
74444188044995.27
58758738086893.17
45634706374000.19
35906220507225.83
28026143280916.86
24468757790991.18
21901727324856.83
19325162244691.18
17744381364894.773
17536386425436.82
19398882547925.742
22445286085205.258
25740317456181.203
32270109974456.156
43601022372958.41
50594475019332.8
70016599929191.14
94326442236685.12
117519854639783.9
143415568135099.12
165352264884124.88
193801776975098.56
240402881351266.5
285871855793155.3
320328070270889.7
372904617635464.0
420570833879366.0
476007206813718.25
528142786945839.4
1285332172200.6567
1361465168052.855
708313226594.2034
3747405764.097995
15108670183.19442
5924945179.863541
14911788190.334694
15032906397.875763
17486890422.860344
19595042083.913067
20936000122.870216
22258487648.541565
23040259734.159813
23406709768.05635
23938829005.753494
24685383189.87886
24944524405.843903
25025872243.166084
24975822913.04422
24759625570.199036
24600296724.480263
24246817322.367493
24125162979.107414
23883635136.987534
23640999747.462967
23379023714.705032
23379023714.705032
