7.99649874194653e-74
2.277804747858897e-73
4.94829853593697e-73
8.670689647387005e-73
1.241154405622717e-72
1.6240591612189308e-72
1.9408399985426823e-72
2.198649369214678e-72
2.4138904429537864e-72
2.5904096097240136e-72
2.751788996971008e-72
3.499834950744099e-67
7.646277935350883e-36
1.1930489110648178e-26
2.312077347177122e-23
9.337539883731963e-21
1.1998215662749013e-19
4.7860752133709185e-19
2.8546789804988278e-18
1.3363983689998886e-17
3.840347666284627e-17
8.486150878783634e-17
1.771588340438296e-16
2.9531077173915684e-16
5.019507634033482e-16
9.132133365085345e-16
1.7486790586289227e-15
2.9090219207230957e-15
4.3141635092880704e-15
5.598987126533853e-15
6.754984300323151e-15
7.484918286033905e-15
8.160781344494568e-15
9.241095701714001e-15
1.1078195627030377e-14
1.387334709927151e-14
1.7872392721708826e-14
2.4378670931518517e-14
3.2366103538784665e-14
4.18650143730173e-14
5.332289844030707e-14
6.295686654215622e-14
7.646846712157838e-14
9.70100823469511e-14
1.1515247055593203e-13
1.3803189239850345e-13
1.5563374797787206e-13
1.7498991625150997e-13
2.0128419371624407e-13
2.3406537336101784e-13
2.7125503887707206e-13
3.150924132212034e-13
3.557982133713337e-13
4.0468866090719436e-13
4.627205358433368e-13
5.284725762401349e-13
6.103346280735811e-13
6.958679387578896e-13
8.065469946931136e-13
9.270350715622614e-13
1.0510663933842133e-12
1.190732859464202e-12
1.3449295455885539e-12
1.5109799699327336e-12
1.790423074646197e-12
2.071786794143367e-12
2.5280255631624052e-12
2.932379355891152e-12
3.421036854139831e-12
4.035981009781046e-12
4.659777767783672e-12
5.5930636108425474e-12
6.4364362077132615e-12
7.506900391482542e-12
8.734587521661029e-12
1.011873782956096e-11
1.1958065439412215e-11
1.41336873601213e-11
1.684053907353775e-11
2.021612336649539e-11
2.407476355224552e-11
2.916071065826847e-11
3.538873200739282e-11
4.315118514636826e-11
5.174315293906359e-11
6.359494660761693e-11
7.667385249915764e-11
9.492829236969581e-11
1.1690014074699655e-10
1.4662351994803912e-10
1.7553601466335427e-10
2.2235635459129044e-10
2.655550118011787e-10
3.170726203950491e-10
3.898037523860706e-10
4.4373816660377257e-10
5.407415978252681e-10
6.299316855133191e-10
7.386795757771821e-10
8.551962120674041e-10
9.886730339053719e-10
1.1024928747731603e-09
1.2286954633529662e-09
1.3187694563414429e-09
1.395346657852331e-09
1.4535741435310157e-09
1.5061125830008688e-09
1.556445863579185e-09
1.6105643393717087e-09
1.6656216762749173e-09
1.723195619338631e-09
1.7813388326023143e-09
1.8395295725618279e-09
1.2821720617469235e-05
8628205660243.828
1568850502075199.5
1.3623075326162738e+16
1.7264971281778652e+16
1.871114384480464e+16
1.8170973690683796e+16
1.5824746533813576e+16
1.3319533909571282e+16
1.1091974983365068e+16
9183544970762272.0
7759259073518684.0
6652202034833634.0
5738425487538546.0
5020871998255242.0
4436473545064228.0
3957790760973689.5
3551362684734181.0
3201019390723720.0
2910463436423346.0
2648517859921836.5
2425443603406909.0
2243116531868638.0
2069110336809542.0
1913595842975796.2
1786067583836883.0
1666322199299755.5
1565318263478060.2
1471026457896782.0
1392315002112973.8
1318418650010303.2
1253982231089047.0
1189931547641169.0
1138888453054300.0
1088625597139170.2
1044081793551414.8
993240666472908.6
952931638917005.5
915963010065924.9
875281860422737.0
841112964168639.5
808243543084952.6
771851991044996.9
739132473188707.0
705336342748969.9
671302139633940.2
634459818066312.5
591508527797158.6
544622491823726.5
492931741200561.2
433562238616364.7
372492473473794.44
310954967002067.44
253634339042305.75
198517834786654.03
156689968231715.1
121692550330667.17
95749921352602.2
74736382082444.95
65250020775976.48
58404606199618.21
51533765985843.14
47318350306386.055
46763697134498.19
51730353461135.31
59854096227214.016
68640846549816.53
86053626598549.73
116269392994555.72
134918600051554.12
186710933144509.7
251537179297826.97
313386279039423.75
382441515026930.94
440939373024333.0
516804738600262.75
641074350270044.0
762324948781747.4
854208187389039.1
994412313694570.5
1121522223678309.2
1269352551503248.5
1408380765188905.0
3427552459201.751
3630573781474.2793
1888835270917.8757
9993082037.594652
40289787155.18511
15799853812.969439
39764768507.55918
40087750394.335365
46631707794.29425
52253445557.10151
55829333660.98723
59355967062.777504
61440692624.42616
62417892714.816925
63836877348.67597
65827688506.34361
66518731748.917076
66735659315.10955
66602194434.784584
66025668187.19742
65600791265.2807
64658179526.31331
64333767944.28643
63689693698.63342
63042665993.23457
62344063239.21342
62344063239.21342
