1.599299748389306e-73
4.555609495717794e-73
9.89659707187394e-73
1.734137929477401e-72
2.482308811245434e-72
3.2481183224378616e-72
3.8816799970853647e-72
4.397298738429356e-72
4.827780885907573e-72
5.180819219448027e-72
5.503577993942016e-72
6.999669901488197e-67
1.5292555870701765e-35
2.3860978221296357e-26
4.624154694354244e-23
1.8675079767463927e-20
2.3996431325498025e-19
9.572150426741837e-19
5.7093579609976556e-18
2.672796737999777e-17
7.680695332569254e-17
1.697230175756727e-16
3.543176680876592e-16
5.906215434783137e-16
1.0039015268066963e-15
1.826426673017069e-15
3.4973581172578454e-15
5.818043841446191e-15
8.628327018576141e-15
1.1197974253067706e-14
1.3509968600646303e-14
1.496983657206781e-14
1.6321562688989136e-14
1.8482191403428002e-14
2.2156391254060755e-14
2.774669419854302e-14
3.574478544341765e-14
4.8757341863037033e-14
6.473220707756933e-14
8.37300287460346e-14
1.0664579688061414e-13
1.2591373308431244e-13
1.5293693424315676e-13
1.940201646939022e-13
2.3030494111186406e-13
2.760637847970069e-13
3.112674959557441e-13
3.4997983250301994e-13
4.0256838743248815e-13
4.681307467220357e-13
5.425100777541441e-13
6.301848264424068e-13
7.115964267426674e-13
8.093773218143887e-13
9.254410716866737e-13
1.0569451524802698e-12
1.2206692561471623e-12
1.3917358775157793e-12
1.6130939893862273e-12
1.854070143124523e-12
2.1021327867684266e-12
2.381465718928404e-12
2.6898590911771077e-12
3.0219599398654673e-12
3.580846149292394e-12
4.143573588286734e-12
5.0560511263248104e-12
5.864758711782304e-12
6.842073708279662e-12
8.071962019562092e-12
9.319555535567345e-12
1.1186127221685095e-11
1.2872872415426523e-11
1.5013800782965083e-11
1.7469175043322057e-11
2.023747565912192e-11
2.391613087882443e-11
2.82673747202426e-11
3.36810781470755e-11
4.043224673299078e-11
4.814952710449104e-11
5.832142131653694e-11
7.077746401478564e-11
8.630237029273652e-11
1.0348630587812719e-10
1.2718989321523385e-10
1.5334770499831527e-10
1.8985658473939162e-10
2.338002814939931e-10
2.9324703989607824e-10
3.5107202932670854e-10
4.447127091825809e-10
5.311100236023574e-10
6.341452407900982e-10
7.796075047721412e-10
8.874763332075451e-10
1.0814831956505361e-09
1.2598633710266382e-09
1.4773591515543643e-09
1.7103924241348082e-09
1.9773460678107437e-09
2.2049857495463205e-09
2.4573909267059324e-09
2.6375389126828857e-09
2.790693315704662e-09
2.9071482870620313e-09
3.0122251660017376e-09
3.11289172715837e-09
3.2211286787434175e-09
3.3312433525498347e-09
3.446391238677262e-09
3.5626776652046285e-09
3.6790591451236558e-09
2.564344123493847e-05
17256411320487.656
3137701004150399.0
2.7246150652325476e+16
3.4529942563557304e+16
3.742228768960928e+16
3.634194738136759e+16
3.164949306762715e+16
2.6639067819142564e+16
2.2183949966730136e+16
1.8367089941524544e+16
1.5518518147037368e+16
1.3304404069667268e+16
1.1476850975077092e+16
1.0041743996510484e+16
8872947090128456.0
7915581521947379.0
7102725369468362.0
6402038781447440.0
5820926872846692.0
5297035719843673.0
4850887206813818.0
4486233063737276.0
4138220673619084.0
3827191685951592.5
3572135167673766.0
3332644398599511.0
3130636526956120.5
2942052915793564.0
2784630004225947.5
2636837300020606.5
2507964462178094.0
2379863095282338.0
2277776906108600.0
2177251194278340.5
2088163587102829.5
1986481332945817.2
1905863277834011.0
1831926020131849.8
1750563720845474.0
1682225928337279.0
1616487086169905.2
1543703982089993.8
1478264946377414.0
1410672685497939.8
1342604279267880.5
1268919636132625.0
1183017055594317.2
1089244983647453.0
985863482401122.4
867124477232729.4
744984946947588.9
621909934004134.9
507268678084611.5
397035669573308.06
313379936463430.2
243385100661334.34
191499842705204.4
149472764164889.9
130500041551952.95
116809212399236.42
103067531971686.28
94636700612772.11
93527394268996.38
103460706922270.62
119708192454428.03
137281693099633.06
172107253197099.47
232538785989111.44
269837200103108.25
373421866289019.4
503074358595653.94
626772558078847.5
764883030053861.9
881878746048666.0
1033609477200525.5
1282148700540088.0
1524649897563494.8
1708416374778078.2
1988824627389141.0
2243044447356618.5
2538705103006497.0
2816761530377810.0
9391206143682.906
9718200208820.344
4673611468496.171
540120705154.41486
142737335048.47134
89787045244.43423
92174890114.35463
97048690939.0178
97505849611.7492
100726838969.16873
106343436608.30824
111326126318.32674
113358975696.68596
115575671285.35803
116647777702.61414
116767414429.15689
116639082249.60316
116414591065.73706
115949848754.63866
114940032783.03798
113759608298.69612
113096907207.54689
111095298675.36247
109550236820.23802
107870994544.10915
106347856638.83968
106347856638.83968
