-0.05
-0.03640905996670419
-0.02648758523368654
-0.01924472747190228
-0.01395714581734536
-0.01009678458521239
-0.007278131510363134
-0.005219729353472306
-0.003716075109627959
-0.002617116624604489
-0.001739648995067414
-0.0008698244975333391
0.0
0.0008914882248994977
0.001782976449799005
0.002674464674698533
0.003565952899598004
0.004457441124497438
0.00534892934939678
0.006240417574296114
0.007131905799195436
0.008023394024094811
0.008914882248994234
0.009806370473893575
0.0106978586987929
0.01158934692369223
0.01248083514859175
0.01337232337349147
0.01426381159839122
0.01515529982329097
0.0160467880481907
0.01693827627309051
0.01782976449799041
0.01872125272289031
0.01961274094779022
0.02050422917269014
0.02139571739759007
0.02228720562248999
0.02317869384738967
0.02407018207228917
0.02496167029718797
0.02585315852208661
0.02674464674698497
0.02763613497188353
0.02852762319678226
0.02941911142168101
0.03031059964657972
0.03120208876295687
0.03211603615231537
0.03306263821957166
0.03404330350149454
0.03505990866283369
0.03611437659401692
0.03720781251492448
0.03834153283913298
0.03951707266937012
0.04073611831285641
0.04199973579341539
0.04330924441866192
0.04466648738017173
0.04607394334706959
0.04753441116795683
0.04904722907946974
0.05061579951229327
0.0522429796984596
0.05392886588664213
0.05567779462008837
0.05749073580602473
0.05936984105820705
0.06131888829774556
0.0633395978503255
0.06543449253022506
0.0676064475245371
0.06985839957815661
0.07219325844631382
0.07461397849477001
0.07712375765598738
0.07972633713574356
0.08242461639642955
0.08522212594146307
0.08812282375538115
0.09113047082487052
0.09424866669024892
0.09748170013635064
0.1008339308239883
0.1043097319128833
0.1079134959989725
0.1116309809947942
0.1154556628374381
0.1194211400542905
0.1235329691157358
0.1277962626229142
0.1322166984316482
0.1368001042322728
0.141552410802003
0.1464799102645229
0.1515891417382304
0.1568867156612559
0.1623795444791689
0.1680748718576803
0.1736973472536992
0.1778935653319111
0.1808818454983137
0.1830102782198245
0.1845266076094257
0.1856071385576787
0.186456344897294
0.1872983059985922
0.1881402670998902
0.1889822282011882
0.1898241893024864
0.1906661504037847
0.191508111505083
0.1923500726063814
0.1931920337076797
0.1938060252885054
0.1944200168693315
0.1950340084501591
0.1956480000309866
0.1962619916118142
0.1968759831926407
0.1974899747734663
0.198103966354292
0.1987179579351177
0.1993319495159453
0.1999459410967732
0.2005599326776022
0.2011739242584307
0.2017879158392583
0.202401907420085
0.203015899000911
0.2036298905817386
0.2042438821625666
0.2048578737433964
0.2054718653242259
0.2060858569050542
0.2066998484858817
0.2073138400667077
0.2079278316475338
0.2085418232283599
0.2091558148091877
0.2097698063900161
0.2103837979708436
0.2109977895516708
0.2116117811324961
0.2122257727133214
0.2128397642941467
0.2134537558749734
0.214067747455801
0.2146817390366291
0.2152957306174574
0.2159097221982835
0.2165237137791095
0.2171377053599348
0.2177516969407601
0.2183656885215854
0.2189796801024116
0.2195936716832384
0.2202076632640656
0.2208279426328603
0.2214867247063483
0.222203328038383
0.222975988822705
0.2238153296764035
0.2247263668430166
0.2257133683504263
0.226784665738678
0.2279497513631443
0.2292163017824567
0.2305933958106166
0.2320911820755517
0.2337207809418026
0.235494522450151
0.2374251109405689
0.2395243380547313
0.2418089104840787
0.2442914626757913
0.2469890960540022
0.2499159038598824
0.2530862646014175
0.2565131612903392
0.2602050217499423
0.2641637952742093
0.2683768577374415
0.272779336193492
0.277200075575464
0.2816208149574442
0.2860415543394
0.2904622937213857
0.2948830331033522
0.2993037724853487
0.3037245118673154
0.30814525124929
0.3125659906312512
0.3169867300132315
0.3214074693951982
0.3258282087771701
0.3302489481591422
0.3346696875411197
0.3409196875411215
0.3471696875411233
0.3534196875411142
0.3596696875410871
0.36591968754106
0.3721696875410329
0.3784196875410311
0.3846696875410293
0.3909196875410275
0.3971696875410292
0.403419687541031
0.4096696875410328
0.4159196875410346
0.4221696875410363
0.4284196875410382
0.4346696875410363
0.4409196875410418
0.4471696875410653
0.4534196875410852
0.4596696875411051
0.465919687541125
0.4721696875411232
0.4784196875411215
0.4846696875411197
