9.926112604302423e-57
2.3952059129715945e-56
4.75572194910545e-56
7.517154684039542e-56
1.0287411436663348e-55
1.2666640749453119e-55
1.4774788588527841e-55
1.6431492192110215e-55
1.7749719717847005e-55
1.8801056818771055e-55
1.9786894554767863e-55
2.9348741250982346e-51
1.5304896570302418e-26
2.6375315637732197e-19
2.1691617940499447e-16
4.0495698390320584e-14
3.4218890258705094e-13
1.1551545024042079e-12
3.744986062366269e-12
1.0838017959118551e-11
2.537550422420586e-11
4.818562694794486e-11
8.636426502720315e-11
1.3737359969569946e-10
2.0854524118618849e-10
2.757682909427959e-10
3.574126171742962e-10
3.9820638285456247e-10
4.3922450893274706e-10
5.027830229875996e-10
5.947692248206169e-10
6.534422331745517e-10
7.655032377281476e-10
9.317484012444983e-10
1.113159400397148e-09
1.326279597870619e-09
1.4973064292244432e-09
1.7141681613145266e-09
1.9564095570543916e-09
2.273735309840001e-09
2.6311035760777585e-09
3.069941989705582e-09
3.5075742227718366e-09
4.022927834276516e-09
4.617121071769795e-09
5.252015564693708e-09
5.9875910460172824e-09
6.644761188957156e-09
7.47800352766059e-09
8.615674224219807e-09
9.941530593937957e-09
1.138398324722102e-08
1.3017690809318641e-08
1.4915554642943766e-08
1.7153717980615564e-08
1.9459863985799142e-08
2.2562292088577935e-08
2.6263250681679267e-08
3.036871667644167e-08
3.518190274469103e-08
4.0220813561165406e-08
4.6223706028648543e-08
5.2981624861521006e-08
6.102796455868531e-08
7.048839870217843e-08
8.123177237824459e-08
9.504948329111731e-08
1.1048509788246741e-07
1.2893149453138058e-07
1.5097146770299664e-07
1.7693990045525295e-07
2.0836845796595708e-07
2.4479408511623797e-07
2.872743367512664e-07
3.337076598100997e-07
3.852612253739262e-07
4.484443058919486e-07
5.242387496681232e-07
6.098407472086589e-07
7.288202539944349e-07
8.542930760598864e-07
9.905439546021804e-07
1.1456840268118146e-06
1.3356072358495546e-06
1.5608647984964572e-06
1.8626716482885924e-06
2.2205306157852097e-06
2.6354115087025436e-06
3.1715656117539433e-06
3.90797359154596e-06
4.747696117756458e-06
5.910197702268579e-06
7.165118597133596e-06
8.62180816439421e-06
1.042731404008315e-05
1.214041452481384e-05
1.4633206825611898e-05
1.73930539790678e-05
2.0431092288451144e-05
2.4238768074208104e-05
2.8270748020044287e-05
3.200452065137408e-05
3.5461826494774446e-05
3.78612158927907e-05
3.988658698110233e-05
4.1500128889117524e-05
4.296127194947422e-05
4.4372873632554254e-05
4.587333070338163e-05
4.7420631759360785e-05
4.9032993746457045e-05
5.068644918931702e-05
5.232035293413955e-05
0.011734879979783938
355332443985935.6
3.117904058587836e+16
2.3037318718035696e+17
1.7510071750384874e+17
1.3574904710061221e+17
1.9738603602259008e+17
3.020156314280521e+17
3.8874142688322765e+17
4.334129326169362e+17
4.5541543348520755e+17
4.586505751154053e+17
4.5242773034178496e+17
4.296715807870414e+17
4.103788142945308e+17
3.879670018289243e+17
3.705011844821499e+17
3.499966911762783e+17
3.2815376790858656e+17
3.1077427013190835e+17
2.9212594212421555e+17
2.7425303959569952e+17
2.6137288221333814e+17
2.4404482042303722e+17
2.301604036830295e+17
2.1810017768446832e+17
2.0515257733549325e+17
1.9607332813339174e+17
1.857705556635602e+17
1.7714244563195203e+17
1.6720290122268634e+17
1.5799822740143622e+17
1.489403259053224e+17
1.443403670561817e+17
1.3805024459201493e+17
1.3168270510171165e+17
1.2578377300110715e+17
1.2014934290036773e+17
1.1494170466287574e+17
1.1078419225051725e+17
1.0603379595264573e+17
1.0151057117462694e+17
9.785332834953088e+16
9.381929590973971e+16
9.022514848305357e+16
8.701935244104838e+16
8.36296261922503e+16
7.98661239912572e+16
7.484229495994379e+16
6.907678765900942e+16
6.17945373872432e+16
5.375800732742194e+16
4.488497011974832e+16
3.593167006028255e+16
2.691411190625649e+16
2.076380456633689e+16
1.473835782428491e+16
1.0990617955275044e+16
8362682156430188.0
6188500430393238.0
4600844274053480.0
3972079536131831.0
3492687352764182.0
3214759690053656.0
3046543655850132.0
3231698605802721.0
3272206266414916.0
3285191369019690.0
3628491782154319.0
4387732683125688.5
5573807135921342.0
6511465379485318.0
7599065932374255.0
9091313354942580.0
1.0437545496280504e+16
1.1698445330071016e+16
1.2774814386854436e+16
1.311799322505857e+16
1.4063833132260748e+16
1.433269779935589e+16
1.4609190099518676e+16
1.482966723128378e+16
1.4837367753609516e+16
1.3612674734338124e+16
1.4418982809014476e+16
7501592018153562.0
39687963055425.766
160012654565461.8
62749811524732.984
157927520008175.34
159210256719604.34
185199870189080.38
207526847972131.8
221728644217118.2
235734823255149.25
244014402143839.06
247895395108700.44
253530954740148.22
261437548459543.0
264182056968307.25
265043594299869.28
264513532681280.88
262223833434477.72
260536416127515.2
256792792315461.16
255504377506716.75
252946408426681.03
250376709551889.5
247602178112269.25
247602178112269.25
