3.707178815276052e-105
1.6981505809115448e-104
4.439155452694217e-104
9.236302659630663e-104
1.4870307985662238e-103
2.140792263250976e-103
2.7410860251722727e-103
3.2616597664715657e-103
3.7185364851802414e-103
4.10896675616805e-103
4.477735825377477e-103
8.028030910406739e-97
2.235379345990688e-55
9.739717506934483e-43
1.8805295493762353e-38
5.433605521249967e-35
1.3203999550348932e-33
7.853509433931722e-33
1.2456012732376623e-31
9.596361558386604e-31
3.2648501351160516e-30
9.818856362369089e-30
2.756884296534397e-29
5.422210019368876e-29
1.2839137980281557e-28
3.301533206487026e-28
8.166273237255965e-28
1.5560503417340034e-27
2.5023508888936365e-27
3.410025395246103e-27
4.241833222598584e-27
4.687272440499147e-27
5.2082439826786635e-27
6.628542510749966e-27
9.335832161500022e-27
1.305709649099183e-26
1.930374522144588e-26
3.1310102514080915e-26
4.781199431939491e-26
6.468558380359499e-26
8.980440345051751e-26
1.0654529489655699e-25
1.3852321921948776e-25
1.9575435697320772e-25
2.452336651797757e-25
3.086976105850987e-25
3.5018339452991304e-25
3.981209497906415e-25
4.719427584848161e-25
5.71129210382184e-25
6.876255822002841e-25
8.311372905332641e-25
9.598877834413617e-25
1.1180999213984417e-24
1.3195826334415294e-24
1.5632012858438918e-24
1.8718789749005956e-24
2.199876778621997e-24
2.670856167879975e-24
3.1588954608506856e-24
3.6739514784721544e-24
4.214323221064596e-24
4.8531782915764946e-24
5.607658831914478e-24
7.07744758699222e-24
8.681283464961079e-24
1.152593847557594e-23
1.397075331312786e-23
1.6863401341762415e-23
2.1036567428190163e-23
2.5192983054508205e-23
3.2216701486159646e-23
3.8206935121305004e-23
4.647567152423537e-23
5.61139203089797e-23
6.771073108224635e-23
8.483199438529763e-23
1.0578811030562966e-22
1.3392780211241757e-22
1.712864335464765e-22
2.1695821585776274e-22
2.824499485206702e-22
3.741619457917493e-22
4.889161608625782e-22
6.2128445624220525e-22
8.152069940754952e-22
1.0412903661321011e-21
1.3934626479928145e-21
1.86518398773413e-21
2.5230901904888066e-21
3.173082279940578e-21
4.293762182313307e-21
5.3603248482094194e-21
6.679147844427301e-21
8.690132104843932e-21
9.966371623846217e-21
1.2704905435723726e-20
1.507587460360992e-20
1.8203315370550318e-20
2.1840138271373992e-20
2.6746903525564698e-20
3.104428442417184e-20
3.669993513222618e-20
4.0824170727696523e-20
4.462141603340654e-20
4.7600958752195095e-20
5.035362632385869e-20
5.305247319456239e-20
5.60242273227414e-20
5.910439339977525e-20
6.23854463643886e-20
6.574082977407409e-20
6.917449869552272e-20
3.2823765250365055e-14
7312983633.1782875
8163977404255.674
151358768891975.16
292013306419448.2
383545308063110.75
434927674415841.75
410307656430216.4
362376186035688.25
314598663042749.94
268881018403230.62
234039093426072.06
206521952272272.62
182790782319351.44
164239065420588.22
149107651757440.9
136122577634950.22
124931442490400.06
115152930858340.1
106437007510850.81
98526824931752.1
91556063215163.88
85900174682309.56
80548887077184.03
75197048990420.2
70798139788711.2
66801175888110.14
63214939764088.875
59920551277565.09
57221649138056.66
54911356427140.5
52935393218387.31
50977137334387.875
49247187856307.81
47692878674009.59
46421419660642.66
44980214319247.09
43456576016650.64
42204428404902.65
40885898174917.66
39463312741573.12
38258348107804.84
36957213786929.46
35379965914869.56
33832928923572.633
32252736262751.812
30489506946466.766
28283713157678.125
25954507734542.266
23270030457755.17
20318479509773.6
17374132510034.094
14529298936114.285
11801846585057.766
9223565393109.996
7259933359865.498
5619316806548.574
4384477264045.1484
3436993368126.4424
2943845663316.2373
2664316364738.91
2343854576956.772
2230609933128.047
2204200330645.179
2613183038911.2285
3281238413744.7393
4098647401749.5977
5712227674759.385
8758366111106.857
10821007358311.297
16942714562983.055
26018341821333.742
35739760771672.52
46860474841254.08
56720929079572.83
70661636095668.73
94577864306451.28
120254294740257.94
139956554454198.19
173194129907961.2
205542053941219.56
244403049574068.3
282402544427544.2
21676990717.418945
22960965615.16993
11945627418.334503
63199600.632164866
254806119.69193065
99923571.85397497
251485725.77045888
253528371.4906566
294914551.7176779
330468305.81791925
353083420.87658477
375387032.68830633
388571535.9704963
394751676.9138081
403725811.4026165
416316368.5125568
420686757.62633514
422058680.2722111
421214603.6296674
417568458.3799442
414881394.3008201
408920001.6864282
406868314.0942104
402794972.66164756
398702952.55960953
394284754.56137764
394284754.56137764
