1.9771620348138945e-104
9.056803098194906e-104
2.367549574770249e-103
4.926028085136353e-103
7.930830925686527e-103
1.1417558737338538e-102
1.4619125467585452e-102
1.7395518754515016e-102
1.9832194587627953e-102
2.1914489366229598e-102
2.3881257735346544e-102
4.28161648555026e-96
1.1922023178617001e-54
5.19451600369839e-42
1.0029490930006587e-37
2.8979229446666488e-34
7.042133093519429e-33
4.188538364763585e-32
6.643206790600864e-31
5.118059497806188e-30
1.7412534053952273e-29
5.236723393263513e-29
1.4703382914850115e-28
2.8918453436634006e-28
6.847540256150162e-28
1.760817710126414e-27
4.355345726536514e-27
8.298935155914684e-27
1.3345871407432727e-26
1.8186802107979214e-26
2.262311052052578e-26
2.4998786349328785e-26
2.777730124095287e-26
3.535222672399981e-26
4.9791104861333454e-26
6.963784795195643e-26
1.0295330784771136e-25
1.6698721340843153e-25
2.5499730303677285e-25
3.449897802858399e-25
4.7895681840276e-25
5.682415727816372e-25
7.387905025039347e-25
1.044023237190441e-24
1.3079128809588036e-24
1.6463872564538595e-24
1.867644770826203e-24
2.1233117322167546e-24
2.517028045252352e-24
3.046022455371648e-24
3.667336438401514e-24
4.432732216177408e-24
5.1194015116872615e-24
5.9631995807916884e-24
7.037774045021489e-24
8.337073524500756e-24
9.983354532803176e-24
1.173267615265065e-23
1.42445662286932e-23
1.684744245787032e-23
1.959440788518482e-23
2.2476390512344505e-23
2.5883617555074632e-23
2.9907513770210544e-23
3.774638713062517e-23
4.6300178479792417e-23
6.147167186973834e-23
7.451068433668191e-23
8.993814048939954e-23
1.1219502628368086e-22
1.3436257629071043e-22
1.7182240792618474e-22
2.0377032064696003e-22
2.478702481292553e-22
2.9927424164789175e-22
3.611238991053138e-22
4.52437303388254e-22
5.642032549633582e-22
7.142816112662271e-22
9.13527645581208e-22
1.1571104845747346e-21
1.5063997254435744e-21
1.995530377555996e-21
2.6075528579337504e-21
3.313517099958428e-21
4.347770635069307e-21
5.553548619371206e-21
7.43180078929501e-21
9.947647934582024e-21
1.3456481015940302e-20
1.6923105493016414e-20
2.2900064972337637e-20
2.858839919045024e-20
3.56221218369456e-20
4.6347371225834295e-20
5.3153981993846487e-20
6.77594956571932e-20
8.040466455258624e-20
9.708434864293503e-20
1.1648073744732796e-19
1.4265015213634505e-19
1.6556951692891648e-19
1.9573298737187292e-19
2.1772891054771474e-19
2.379808855115015e-19
2.5387178001170717e-19
2.685526737272463e-19
2.829465237043327e-19
2.9879587905462077e-19
3.1522343146546795e-19
3.327223806100725e-19
3.5061775879506174e-19
3.689306597094544e-19
1.7506008133528027e-13
39002579376.95086
43541212822696.92
807246767423867.5
1557404300903723.5
2045574976336590.5
2319614263551156.0
2188307500961154.0
1932672992190337.0
1677859536227999.5
1434032098150563.2
1248208498272384.2
1101450412118787.2
974884172369874.1
875941682243137.1
795240809373018.1
725987080719734.4
666301026615467.0
614148964577813.8
567664040057871.0
525476399636011.1
488299003814207.25
458134264972317.56
429594064411648.1
401050927948907.75
377590078873126.4
356272938069920.75
337146345408473.94
319576273480347.1
305182128736302.1
292860567611416.0
282322097164732.3
271878065783401.94
262651668566974.97
254362019594717.8
247580904856760.78
239894476369317.78
231768405422136.7
225090284826147.44
218058123599560.8
210471001288389.94
204044523241625.8
197105140196957.1
188693151545971.0
180442287592387.34
172014593401343.0
162610703714489.4
150846470174283.3
138424041250892.06
124106829108027.58
108365224052125.88
92662040053515.16
77489594325942.84
62943181786974.75
49192348763253.305
38719644585949.32
29969689634925.727
23383878741574.125
18330631296674.36
15700510204353.264
14209687278607.521
12500557743769.45
11896586310016.248
11755735096774.29
13936976207526.55
17499938206638.605
21859452809331.188
30465214265383.383
46711285925903.234
57712039244326.91
90361144335909.62
138764489713779.94
190612057448920.12
249922532486688.4
302511621757721.7
376862059176899.9
504415276301073.44
641356238614709.0
746434957089056.9
923702026175792.9
1096224287686504.2
1303482931061697.5
1506146903613569.0
158381695257.37332
163896415473.6263
78819961571.45786
9109078388.563223
2407250011.938392
1514248992.1307526
1554519742.5246208
1636715876.3488343
1644425808.8624034
1698747452.6458504
1793470775.9395099
1877503309.2627232
1911787098.3545008
1949171434.2781227
1967252395.2604933
1969270055.9608316
1967105747.3680036
1963319727.369394
1955481897.599348
1938451458.374279
1918543724.6824644
1907367341.0892103
1873610425.5536869
1847553121.2896636
1819232878.4612124
1793545319.2854812
1793545319.2854812
