5.060126324930777e-86
1.9509371716202643e-85
4.748738504959676e-85
9.318107422965501e-85
1.4419738308932892e-84
2.009965264204502e-84
2.5133663452764148e-84
2.94042020562295e-84
3.308910592352345e-84
3.6193839723611563e-84
3.9095137421717064e-84
6.144110233507032e-80
9.433942922550045e-47
2.0530101791139564e-36
8.974075298515635e-33
7.66627683235588e-30
1.4196139152886087e-28
7.1023023587915905e-28
5.989490297197151e-27
3.589930885181043e-26
1.2135356788300421e-25
3.1688713206415623e-25
7.861581446326129e-25
1.5082739287673833e-24
2.9491323499017007e-24
6.130573594661103e-24
1.3322144728505028e-23
2.4651900806394664e-23
4.018525407868358e-23
5.700976206681654e-23
7.511895024873854e-23
8.906812046689869e-23
1.0321328429384856e-22
1.2401186963569373e-22
1.5895116085790602e-22
2.1360581087715084e-22
2.95810699601359e-22
4.450277976093224e-22
6.38864328676518e-22
8.993635424137608e-22
1.2250318718460888e-21
1.5570018578734008e-21
2.0022148772872172e-21
2.74958593452751e-21
3.4686289570400916e-21
4.401951035275695e-21
5.236907901900978e-21
6.196075677392211e-21
7.55493054727402e-21
9.347212009721689e-21
1.1460541640149867e-20
1.4158188015068002e-20
1.6882467151483342e-20
2.0314038403612705e-20
2.4584678018673093e-20
2.975479669709159e-20
3.660846221806851e-20
4.415813024624032e-20
5.45732384161678e-20
6.700563418440819e-20
8.031804597663233e-20
9.658676572599956e-20
1.1540564874027882e-19
1.3672740502455102e-19
1.7539332059919195e-19
2.1652601525916364e-19
2.895319875875476e-19
3.5923604309160315e-19
4.495171992947422e-19
5.717943016342273e-19
7.082856104770199e-19
9.246989730546072e-19
1.1341193100671367e-18
1.4187257199110295e-18
1.776094617622836e-18
2.2043629987161473e-18
2.8140902088675136e-18
3.5941984881000645e-18
4.66470401605018e-18
6.097872371119353e-18
7.89307577368399e-18
1.0482421252896652e-17
1.3957493176342474e-17
1.876302542067747e-17
2.4397744797356812e-17
3.3173815788514184e-17
4.3787560631305723e-17
6.020248304038783e-17
8.19212731312674e-17
1.1529282248235223e-16
1.4961825577193754e-16
2.126945909177568e-16
2.7706897622692825e-16
3.575684915315543e-16
4.893974372777849e-16
5.920588336249993e-16
7.956026825642997e-16
1.0020315432912432e-15
1.2698851121742713e-15
1.5816137458884063e-15
1.972880878694927e-15
2.3311731530290174e-15
2.7450605657064624e-15
3.0624325245824803e-15
3.3404018653753093e-15
3.560945191863131e-15
3.7669405267754375e-15
3.969536243886925e-15
4.192585906975042e-15
4.4250279501352096e-15
4.673909442128653e-15
4.93206798828332e-15
5.195686070769742e-15
2.9073486399723772e-11
14598013478.360588
15581435753522.719
400334136017185.5
1125240940106225.8
1892916172875288.5
2608823614764158.0
2942234669211830.0
3071107290835087.0
3090964979923559.0
3034150194881029.0
2942281172348223.0
2863618702285351.0
2774942172972634.0
2685339343970003.0
2605921712877285.0
2513330832092177.0
2434501290494347.0
2358850806173559.0
2277783797825331.0
2195494448976701.5
2116235071590781.5
2047420696366919.5
1982782551866606.0
1910251502545598.0
1846932084090470.0
1783991361684872.5
1724495472318680.5
1667942759274873.5
1619303398479122.5
1577561808482790.5
1541613244849959.5
1503522912732098.5
1466797709393631.5
1434967911147283.0
1408129341829005.5
1380100409254916.5
1347257945990775.0
1319632111563374.5
1292133208369814.0
1260515338395733.5
1233699705392987.5
1205909366191679.0
1171806923850495.0
1138579135490881.5
1104496783741816.8
1066033262415039.8
1018376802360627.8
964531455287452.8
900132301033922.8
823995402524441.2
741428242625107.8
656818305210579.2
565726693914210.0
471962262585861.4
396319204164502.1
326941171623001.1
271601425888806.38
229267199994242.8
199543118649951.88
182460376652021.2
164620932435974.06
157954237918979.56
152466795662403.75
165335327776697.62
188360962565149.38
212004866718818.44
252473927278645.3
328100265678267.9
369384652368285.0
482597270110914.5
614940223953960.8
741697252100977.2
882714613832652.2
1004733504709081.0
1162419379163116.5
1413485581544789.5
1650795890971048.5
1848922223788684.0
2139319087823697.5
2406437171987541.0
2713351826151160.0
2999899663331114.0
22271795051949.54
23591001492886.867
12273408661577.055
64933761839.624664
261797855142.36346
102665418009.43619
258386351494.33478
260485046254.9239
303006839801.59827
339536168755.53296
362771829748.7406
385687440022.5292
399233718599.2289
405583439105.9132
414803818756.801
427739853615.0492
432230163728.119
433639731153.5238
432772493526.4962
429026300118.4685
426265504524.5665
420140534676.9181
418032549940.4674
413847438328.5613
409643135515.0801
405103704668.875
405103704668.875
