1.518037897479233e-85
5.852811514860793e-85
1.4246215514879029e-84
2.79543222688965e-84
4.325921492679868e-84
6.0298957926135055e-84
7.540099035829245e-84
8.82126061686885e-84
9.926731777057035e-84
1.0858151917083469e-83
1.172854122651512e-83
1.8432330700521095e-79
2.8301828767650135e-46
6.15903053734187e-36
2.69222258955469e-32
2.2998830497067642e-29
4.258841745865826e-28
2.1306907076374773e-27
1.7968470891591452e-26
1.076979265554313e-25
3.640607036490126e-25
9.506613961924686e-25
2.3584744338978388e-24
4.52482178630215e-24
8.847397049705102e-24
1.8391720783983308e-23
3.9966434185515083e-23
7.395570241918399e-23
1.2055576223605073e-22
1.710292862004496e-22
2.2535685074621563e-22
2.6720436140069606e-22
3.096398528815457e-22
3.7203560890708113e-22
4.76853482573718e-22
6.408174326314525e-22
8.87432098804077e-22
1.3350833928279671e-21
1.916592986029554e-21
2.698090627241283e-21
3.675095615538267e-21
4.6710055736202024e-21
6.006644631861651e-21
8.248757803582529e-21
1.0405886871120273e-20
1.3205853105827087e-20
1.5710723705702936e-20
1.8588227032176632e-20
2.2664791641822065e-20
2.8041636029165066e-20
3.43816249204496e-20
4.2474564045204e-20
5.0647401454450025e-20
6.094211521083812e-20
7.375403405601929e-20
8.926439009127477e-20
1.0982538665420555e-19
1.3247439073872096e-19
1.6371971524850338e-19
2.0101690255322454e-19
2.4095413792989695e-19
2.897602971779987e-19
3.462169462208365e-19
4.1018221507365305e-19
5.261799617975759e-19
6.495780457774909e-19
8.685959627626427e-19
1.0777081292748094e-18
1.3485515978842266e-18
1.7153829049026817e-18
2.12485683143106e-18
2.774096919163822e-18
3.40235793020141e-18
4.256177159733088e-18
5.328283852868508e-18
6.613088996148442e-18
8.442270626602541e-18
1.0782595464300192e-17
1.399411204815054e-17
1.8293617113358057e-17
2.3679227321051967e-17
3.1447263758689954e-17
4.187247952902743e-17
5.628907626203241e-17
7.319323439207043e-17
9.952144736554254e-17
1.3136268189391717e-16
1.8060744912116352e-16
2.457638193938022e-16
3.4587846744705663e-16
4.488547673158126e-16
6.380837727532704e-16
8.312069286807849e-16
1.0727054745946628e-15
1.4681923118333544e-15
1.7761765008749977e-15
2.386808047692899e-15
3.00609462987373e-15
3.809655336522814e-15
4.7448412376652184e-15
5.9186426360847806e-15
6.993519459087053e-15
8.235181697119387e-15
9.187297573747442e-15
1.0021205596125928e-14
1.0682835575589396e-14
1.1300821580326313e-14
1.1908608731660777e-14
1.2577757720925127e-14
1.327508385040563e-14
1.4021728326385961e-14
1.479620396484996e-14
1.5587058212309227e-14
8.722045919917131e-11
43794040435.081764
46744307260568.16
1201002408051556.5
3375722820318677.0
5678748518625866.0
7826470844292473.0
8826704007635490.0
9213321872505260.0
9272894939770676.0
9102450584643086.0
8826843517044668.0
8590856106856054.0
8324826518917901.0
8056018031910008.0
7817765138631856.0
7539992496276530.0
7303503871483040.0
7076552418520677.0
6833351393475994.0
6586483346930104.0
6348705214772344.0
6142262089100758.0
5948347655599818.0
5730754507636794.0
5540796252271410.0
5351974085054618.0
5173486416956041.0
5003828277824620.0
4857910195437367.0
4732685425448372.0
4624839734549878.0
4510568738196295.0
4400393128180895.0
4304903733441848.5
4224388025487016.0
4140301227764749.0
4041773837972324.5
3958896334690124.0
3876399625109442.5
3781546015187200.0
3701099116178962.0
3617728098575037.0
3515420771551485.0
3415737406472645.0
3313490351225450.5
3198099787245119.5
3055130407081883.5
2893594365862358.0
2700396903101768.0
2471986207573324.0
2224284727875323.0
1970454915631738.0
1697180081742630.0
1415886787757584.0
1188957612493506.5
980823514869003.2
814804277666419.1
687801599982728.4
598629355949855.6
547381129956063.5
493862797307922.25
473862713756938.7
457400386987211.2
496005983330092.8
565082887695448.1
636014600156455.2
757421781835936.0
984300797034803.5
1108153957104855.1
1447791810332743.5
1844820671861882.5
2225091756302932.0
2648143841497956.5
3014200514127243.0
3487258137489350.0
4240456744634369.0
4952387672913146.0
5546766671366052.0
6417957263471093.0
7219311515962624.0
8140055478453481.0
8999698989993341.0
66815385155848.61
70773004478660.61
36820225984731.164
194801285518.874
785393565427.0903
307996254028.3086
775159054483.0044
781455138764.7717
909020519404.7948
1018608506266.5989
1088315489246.2219
1157062320067.5874
1197701155797.6868
1216750317317.7397
1244411456270.403
1283219560845.1477
1296690491184.357
1300919193460.5715
1298317480579.4888
1287078900355.4055
1278796513573.6995
1260421604030.7544
1254097649821.4023
1241542314985.6838
1228929406545.2402
1215311114006.625
1215311114006.625
