2.1513848138065973e-51
6.638464153743782e-51
1.4847261366132907e-50
2.6809949029653466e-50
3.9105283863339693e-50
5.197082288538715e-50
6.273482502185738e-50
7.15859869032808e-50
7.903487217212253e-50
8.517387058749705e-50
9.080914254301606e-50
7.832511375733512e-48
1.8787413893369266e-24
2.3175509567956027e-17
1.1171398761102866e-14
1.37607233695779e-12
1.6320003646190506e-11
6.33679484603437e-11
2.7685233225749777e-10
9.817860986764667e-10
2.5933231568134094e-09
5.438831097725211e-09
1.0648665970263106e-08
1.7038556845495154e-08
2.546034000069129e-08
3.772870559865493e-08
5.996353966003448e-08
9.23660279738989e-08
1.352077209003867e-07
1.78195331651813e-07
2.2318156648145094e-07
2.5777886671240493e-07
2.960919425433417e-07
3.5206830795598177e-07
4.3477196108677227e-07
5.502232379112688e-07
6.999923762788071e-07
9.356441108389156e-07
1.2088615268152056e-06
1.5599338254724905e-06
1.9573383288155792e-06
2.3309964828785777e-06
2.8130296951209227e-06
3.5399092723518125e-06
4.1908732982886564e-06
5.0052383858547255e-06
5.666130521505512e-06
6.385537401825545e-06
7.367766168507103e-06
8.610498290088526e-06
1.001749096182394e-05
1.1690700776320114e-05
1.3251408013057023e-05
1.5115356395302249e-05
1.7313367158937322e-05
1.9783263424434565e-05
2.288154838161557e-05
2.6126865498374416e-05
3.028011968910982e-05
3.481517524941767e-05
3.9409967536035246e-05
4.462421749394225e-05
5.029966489411989e-05
5.6410744778700474e-05
6.660333991907314e-05
7.675183573709487e-05
9.333023671003607e-05
0.00010786383102028491
0.00012534192731870075
0.00014701496982093441
0.00016893652781545593
0.00020154457293810867
0.00023085453575070767
0.00026763710269929827
0.00030917973023607894
0.00035503067988383174
0.0004161885075224806
0.00048751968495326116
0.0005759885986263217
0.0006861411762545978
0.0008109335579647903
0.0009738663158715679
0.0011720238494238677
0.0014178463306440512
0.00168680865914281
0.002057563782873843
0.002462012508676283
0.003028780281327577
0.003710224690734339
0.00463574319145203
0.00552001837107324
0.006935965212616162
0.008228961383769641
0.009751545986377232
0.01187975031064812
0.013429077381959422
0.016185059021086315
0.01866370448964655
0.02168255844656356
0.024927100183407786
0.02867618725871425
0.032035853661333304
0.03569948722771451
0.03838504135363242
0.040664435597575196
0.042423928218019595
0.04402825863040988
0.04558221328458769
0.047263821037621515
0.04899024200755689
0.05080695460023679
0.05265781708520647
0.054522047385160366
0.1941723609746895
449489359269191.1
6.898812784931382e+16
9.934576380948593e+17
2.4150451345906765e+18
4.4925079338872566e+18
6.675439478650921e+18
8.369147392726485e+18
9.836746956893503e+18
1.1074405660700439e+19
1.20995741255158e+19
1.2968775256336732e+19
1.3827955746949927e+19
1.4490413063755846e+19
1.4982374270100906e+19
1.54810862725619e+19
1.571652437215366e+19
1.5994868934047224e+19
1.6197551877474304e+19
1.6274034461198279e+19
1.62792402799283e+19
1.6205438956510499e+19
1.6164623542201934e+19
1.610199350018963e+19
1.59810526034534e+19
1.5881462771213947e+19
1.571198937221768e+19
1.5539716763239932e+19
1.5369746387845951e+19
1.5234098218561184e+19
1.5116854998762985e+19
1.5028033888177013e+19
1.486885239558812e+19
1.4698339664384995e+19
1.4565595834878657e+19
1.4451001918280331e+19
1.430965945272166e+19
1.4159792747199535e+19
1.402663950756689e+19
1.3874442029583368e+19
1.3722240911852388e+19
1.3583093388233708e+19
1.3422077504099447e+19
1.3251451286475411e+19
1.3069091641512665e+19
1.2869643760345012e+19
1.2632514950248296e+19
1.2327759274631025e+19
1.1944182973708804e+19
1.1465108398852794e+19
1.081606591814552e+19
1.0039051645724922e+19
9.159609341253905e+18
8.188154384397337e+18
7.107877805378137e+18
6.173957861265479e+18
5.287563785902586e+18
4.560937880711447e+18
3.957304533554448e+18
3.519627813326042e+18
3.1559463227006996e+18
2.8718474530307763e+18
2.6409432516529935e+18
2.5087105817583903e+18
2.4623518725929743e+18
2.479837341172449e+18
2.525015017099154e+18
2.647503096996097e+18
2.893706993540413e+18
3.1573120449718676e+18
3.6541184221563884e+18
4.174731089566971e+18
4.682140106470388e+18
5.240252701160367e+18
5.769590981437577e+18
6.3326284123287e+18
6.993714792286856e+18
7.527105261086521e+18
8.099175484333596e+18
8.634861751934937e+18
9.116769964337828e+18
9.616987641059504e+18
1.0062562283874034e+19
1.050224285528151e+19
1.086792230388132e+19
5.226528084083439e+18
6.040202642674624e+17
1.596240285070402e+17
1.0040939789714794e+17
1.0307973931452923e+17
1.0853014037119378e+17
1.0904138369084478e+17
1.1264343564757363e+17
1.1892451089223984e+17
1.2449668305058677e+17
1.2677003085416976e+17
1.2924897499108714e+17
1.3044791810749432e+17
1.3058170858523907e+17
1.3043819392959205e+17
1.3018714407553072e+17
1.2966741992704491e+17
1.2853813659425106e+17
1.2721806072569846e+17
1.2647695807144667e+17
1.2423854709584003e+17
1.2251069504140891e+17
1.2063278820740506e+17
1.1892945383922222e+17
1.1892945383922222e+17
