1.3234816805736564e-57
3.1936078839621264e-57
6.340962598807267e-57
1.0022872912052724e-56
1.3716548582217797e-56
1.6888854332604156e-56
1.9699718118037123e-56
2.190865625614695e-56
2.3666292957129342e-56
2.5068075758361408e-56
2.638252607302382e-56
3.91316550013098e-52
2.0406528760403228e-27
3.516708751697626e-20
2.8922157253999264e-17
5.399426452042744e-15
4.562518701160679e-14
1.5402060032056104e-13
4.993314749821693e-13
1.4450690612158068e-12
3.3834005632274482e-12
6.424750259725981e-12
1.1515235336960419e-11
1.8316479959426595e-11
2.7806032158158467e-11
3.676910545903945e-11
4.7655015623239496e-11
5.3094184380608333e-11
5.85632678576996e-11
6.703773639834663e-11
7.930256330941558e-11
8.71256310899402e-11
1.0206709836375302e-10
1.242331201659331e-10
1.4842125338628638e-10
1.7683727971608252e-10
1.9964085722992578e-10
2.285557548419369e-10
2.608546076072522e-10
3.031647079786668e-10
3.508138101437011e-10
4.0932559862741084e-10
4.67676563036245e-10
5.363903779035354e-10
6.156161429026394e-10
7.00268741959161e-10
7.983454728023044e-10
8.859681585276209e-10
9.970671370214122e-10
1.1487565632293074e-09
1.3255374125250613e-09
1.5178644329628026e-09
1.735692107909152e-09
1.988740619059169e-09
2.2871623974154085e-09
2.594648531439885e-09
3.0083056118103915e-09
3.501766757557235e-09
4.049162223525557e-09
4.6909203659588045e-09
5.36277514148872e-09
6.163160803819806e-09
7.064216648202801e-09
8.137061941158042e-09
9.398453160290458e-09
1.0830902983765947e-08
1.267326443881564e-08
1.473134638432899e-08
1.7190865937517412e-08
2.0129529027066218e-08
2.3591986727367057e-08
2.7782461062127612e-08
3.263921134883173e-08
3.830324490016885e-08
4.449435464134663e-08
5.136816338319016e-08
5.979257411892647e-08
6.989849995574975e-08
8.131209962782119e-08
9.717603386592465e-08
1.1390574347465152e-07
1.3207252728029072e-07
1.5275787024157528e-07
1.780809647799406e-07
2.081153064661943e-07
2.483562197718123e-07
2.9607074877136124e-07
3.513882011603392e-07
4.228754149005257e-07
5.210631455394613e-07
6.330261490341943e-07
7.880263603024772e-07
9.553491462844796e-07
1.149574421919228e-06
1.3903085386777533e-06
1.6187219366418454e-06
1.95109424341492e-06
2.319073863875706e-06
2.724145638460153e-06
3.2318357432277467e-06
3.7694330693392387e-06
4.26726942018321e-06
4.728243532636593e-06
5.048162119038759e-06
5.3182115974803115e-06
5.533350518549003e-06
5.728169593263229e-06
5.916383151007233e-06
6.116444093784218e-06
6.322750901248104e-06
6.537732499527605e-06
6.758193225242268e-06
6.976047057885274e-06
0.0015646506639711917
47377659198124.75
4157205411450448.0
3.071642495738093e+16
2.3346762333846496e+16
1.8099872946748296e+16
2.6318138136345344e+16
4.026875085707362e+16
5.183219025109702e+16
5.778839101559149e+16
6.072205779802766e+16
6.115341001538738e+16
6.032369737890466e+16
5.728954410493885e+16
5.471717523927077e+16
5.17289335771899e+16
4.940015793095333e+16
4.666622549017045e+16
4.375383572114488e+16
4.143656935092112e+16
3.895012561656206e+16
3.656707194609326e+16
3.484971762844509e+16
3.2539309389738296e+16
3.068805382440393e+16
2.908002369126244e+16
2.735367697806577e+16
2.614311041778556e+16
2.4769407421808024e+16
2.3618992750926936e+16
2.229372016302485e+16
2.1066430320191496e+16
1.9858710120709656e+16
1.924538227415756e+16
1.840669927893532e+16
1.7557694013561556e+16
1.6771169733480956e+16
1.6019912386715696e+16
1.5325560621716764e+16
1.47712256334023e+16
1.4137839460352764e+16
1.3534742823283592e+16
1.3047110446604116e+16
1.250923945463196e+16
1.2030019797740476e+16
1.160258032547312e+16
1.1150616825633376e+16
1.0648816532167628e+16
9978972661325840.0
9210238354534592.0
8239271651632426.0
7167734310322924.0
5984662682633110.0
4790889341371008.0
3588548254167532.0
2768507275511585.0
1965114376571321.5
1465415727370006.0
1115024287524025.2
825133390719098.5
613445903207130.8
529610604817577.4
465691647035224.25
428634625340487.4
406205820780017.6
430893147440362.9
436294168855322.1
438025515869292.0
483798904287242.5
585031024416758.5
743174284789512.2
868195383931375.8
1013208790983234.0
1212175113992344.0
1391672732837400.5
1559792710676135.5
1703308584913925.0
1749065763341142.5
1875177750968099.5
1911026373247452.0
1947892013269157.0
1977288964171170.5
1978315700481268.5
1815023297911749.5
1922531041201930.0
1000212269087141.8
5291728407390.102
21335020608728.242
8366641536631.064
21057002667756.71
21228034229280.58
24693316025210.71
27670246396284.242
29563819228949.094
31431309767353.234
32535253619178.54
33052719347826.727
33804127298686.43
34858339794605.734
35224274262440.97
35339145906649.234
35268471024170.78
34963177791263.695
34738188817002.023
34239038975394.82
34067250334228.9
33726187790224.133
33383561273585.266
33013623748302.57
33013623748302.57
