3.970445041720969e-57
9.580823651886378e-57
1.9022887796421802e-56
3.006861873615817e-56
4.114964574665339e-56
5.066656299781247e-56
5.909915435411136e-56
6.572596876844086e-56
7.099887887138802e-56
7.520422727508421e-56
7.914757821907145e-56
1.1739496500392938e-51
6.121958628120968e-27
1.0550126255092879e-19
8.676647176199779e-17
1.6198279356128233e-14
1.3687556103482037e-13
4.620618009616832e-13
1.4979944249465076e-12
4.335207183647421e-12
1.0150201689682344e-11
1.9274250779177945e-11
3.454570601088126e-11
5.4949439878279786e-11
8.34180964744754e-11
1.1030731637711836e-10
1.429650468697185e-10
1.59282553141825e-10
1.7568980357309884e-10
2.0111320919503986e-10
2.3790768992824674e-10
2.6137689326982064e-10
3.0620129509125903e-10
3.7269936049779927e-10
4.452637601588592e-10
5.305118391482476e-10
5.989225716897773e-10
6.856672645258106e-10
7.825638228217568e-10
9.094941239360005e-10
1.0524414304311033e-09
1.2279767958822326e-09
1.4030296891087347e-09
1.6091711337106063e-09
1.8468484287079182e-09
2.100806225877483e-09
2.3950364184069132e-09
2.6579044755828628e-09
2.991201411064236e-09
3.4462696896879225e-09
3.976612237575183e-09
4.553593298888408e-09
5.207076323727456e-09
5.9662218571775064e-09
6.861487192246225e-09
7.783945594319656e-09
9.024916835431174e-09
1.0505300272671706e-08
1.2147486670576669e-08
1.4072761097876414e-08
1.6088325424466162e-08
1.848948241145942e-08
2.1192649944608404e-08
2.4411185823474124e-08
2.819535948087137e-08
3.249270895129784e-08
3.801979331644692e-08
4.419403915298697e-08
5.157259781255223e-08
6.038858708119865e-08
7.077596018210118e-08
8.334738318638284e-08
9.791763404649519e-08
1.1490973470050656e-07
1.3348306392403988e-07
1.5410449014957047e-07
1.7937772235677944e-07
2.0969549986724928e-07
2.4393629888346353e-07
2.91528101597774e-07
3.417172304239545e-07
3.9621758184087216e-07
4.582736107247258e-07
5.342428943398219e-07
6.243459193985829e-07
7.45068659315437e-07
8.882122463140838e-07
1.0541646034810175e-06
1.2686262447015772e-06
1.563189436618384e-06
1.899078447102583e-06
2.3640790809074313e-06
2.8660474388534387e-06
3.4487232657576842e-06
4.1709256160332595e-06
4.856165809925536e-06
5.85328273024476e-06
6.957221591627119e-06
8.172436915380458e-06
9.695507229683241e-06
1.1308299208017716e-05
1.280180826054963e-05
1.4184730597909778e-05
1.5144486357116279e-05
1.5954634792440933e-05
1.660005155564701e-05
1.7184508779789688e-05
1.77491494530217e-05
1.8349332281352654e-05
1.8968252703744312e-05
1.9613197498582816e-05
2.0274579675726805e-05
2.092814117365582e-05
0.004693951991913576
142132977594374.25
1.2471616234351344e+16
9.214927487214278e+16
7.0040287001539496e+16
5.429961884024488e+16
7.895441440903603e+16
1.2080625257122085e+17
1.5549657075329107e+17
1.7336517304677446e+17
1.82166173394083e+17
1.8346023004616214e+17
1.80971092136714e+17
1.7186863231481654e+17
1.6415152571781232e+17
1.551868007315697e+17
1.4820047379285997e+17
1.3999867647051133e+17
1.3126150716343462e+17
1.2430970805276336e+17
1.168503768496862e+17
1.097012158382798e+17
1.0454915288533526e+17
9.761792816921488e+16
9.206416147321179e+16
8.724007107378733e+16
8.20610309341973e+16
7.842933125335669e+16
7.430822226542408e+16
7.085697825278081e+16
6.6881160489074536e+16
6.319929096057448e+16
5.957613036212896e+16
5.773614682247267e+16
5.522009783680597e+16
5.2673082040684664e+16
5.031350920044286e+16
4.805973716014709e+16
4.5976681865150296e+16
4.43136769002069e+16
4.2413518381058296e+16
4.0604228469850776e+16
3.914133133981235e+16
3.752771836389588e+16
3.609005939322142e+16
3.4807740976419356e+16
3.3451850476900124e+16
3.194644959650288e+16
2.9936917983977516e+16
2.7630715063603772e+16
2.471781495489728e+16
2.1503202930968772e+16
1.7953988047899328e+16
1.4372668024113022e+16
1.0765644762502596e+16
8305521826534755.0
5895343129713964.0
4396247182110018.0
3345072862572075.5
2475400172157295.5
1840337709621392.0
1588831814452732.2
1397074941105672.8
1285903876021462.2
1218617462340052.8
1292679442321088.5
1308882506565966.2
1314076547607876.0
1451396712861727.5
1755093073250275.5
2229522854368537.0
2604586151794127.0
3039626372949702.0
3636525341977032.0
4175018198512201.0
4679378132028407.0
5109925754741775.0
5247197290023428.0
5625533252904299.0
5733079119742356.0
5843676039807471.0
5931866892513512.0
5934947101443806.0
5445069893735249.0
5767593123605790.0
3000636807261425.0
15875185222170.307
64005061826184.72
25099924609893.19
63171008003270.13
63684102687841.74
74079948075632.14
83010739188852.72
88691457686847.28
94293929302059.7
97605760857535.62
99158158043480.17
101412381896059.28
104575019383817.2
105672822787322.89
106017437719947.72
105805413072512.36
104889533373791.1
104214566451006.08
102717116926184.47
102201751002686.7
101178563370672.4
100150683820755.8
99040871244907.7
99040871244907.7
